Steps : 1800000
Alpha : 0.0002
Lambda: 0.002
Beta  : 0.001
SGD: 1.6616305156360149
time  : 23.436683332920076
SGD: 1.2795249515644951
time  : 6.240050001939138
k :array([ 2.,  2.,  2., ...,  2.,  2.,  2.])
