Steps : 300
Alpha : 0.0002
Lambda: 0.001
Beta  : 0.001
GD    : 0.64548460387528239
time  : 3.186316665013631
GD SR : 0.64548750392550558
time  : 156.53258333206176
L_C : 0.1
GD SRkNN : 0.64548460387528239
time  : 14.596433333555858
k :array([ 2.,  2.,  2., ...,  2.,  2.,  2.])
