Steps : 1800000
Alpha : 0.0002
Lambda: 0.002
Beta  : 0.001
SGD: 1.3410394917468278
time  : 0.5564166665077209
