Steps : 1800000
Alpha : 0.0002
Lambda: 0.002
Beta  : 0.001
SGD: 1.0328084412027458
time  : 9.291783332824707
